timestamp,dt,accel_raw_x_g,accel_raw_y_g,accel_raw_z_g,accel_raw_x_mps2,accel_raw_y_mps2,accel_raw_z_mps2,accel_filt_x_mps2,accel_filt_y_mps2,accel_filt_z_mps2,accel_lin_x_mps2,accel_lin_y_mps2,accel_lin_z_mps2,gyro_x,gyro_y,gyro_z,step_state,step_count,velocity_x,velocity_y,velocity_z,pos_x,pos_y,pos_z
1769184114.067,2.034,0.021,-0.001,1.018,0.207,-0.007,9.986,0.207,-0.065,9.983,0.002,-0.065,0.003,-0.002,0.001,0.001,INITIALIZING,0,0.003,-0.132,0.006,0.007,-0.269,0.012
1769184114.111,0.043,0.020,0.000,1.017,0.195,0.000,9.981,0.205,-0.053,9.983,-0.001,-0.053,0.003,0.001,0.000,-0.001,INITIALIZING,0,0.003,-0.135,0.006,0.007,-0.275,0.012
1769184114.161,0.050,0.021,-0.001,1.018,0.207,-0.007,9.986,0.205,-0.044,9.983,-0.000,-0.044,0.003,-0.002,-0.003,-0.000,WALKING,1,0.100,0.050,0.020,0.010,0.005,0.002
1769184114.211,0.050,0.022,-0.001,1.018,0.212,-0.009,9.988,0.207,-0.038,9.984,0.001,-0.038,0.004,-0.001,-0.000,0.000,WALKING,1,0.105,0.052,0.021,0.020,0.010,0.004
1769184114.265,0.054,0.021,-0.001,1.018,0.202,-0.012,9.986,0.206,-0.033,9.985,0.000,-0.033,0.004,-0.002,-0.002,0.000,WALKING,1,0.110,0.055,0.022,0.030,0.015,0.006
1769184114.315,0.051,0.021,0.000,1.018,0.207,0.002,9.988,0.206,-0.026,9.985,0.000,-0.026,0.005,-0.000,0.002,0.000,WALKING,1,0.115,0.058,0.023,0.040,0.020,0.008
1769184114.368,0.053,0.021,-0.002,1.018,0.205,-0.017,9.988,0.206,-0.024,9.986,0.000,-0.024,0.006,-0.001,-0.001,-0.001,WALKING,1,0.120,0.060,0.024,0.050,0.025,0.010
1769184114.411,0.043,0.023,0.000,1.017,0.221,0.000,9.981,0.209,-0.020,9.985,0.003,-0.020,0.005,-0.001,0.001,0.001,WALKING,2,0.125,0.062,0.025,0.060,0.030,0.012
1769184114.461,0.050,0.020,0.000,1.018,0.200,0.000,9.988,0.207,-0.016,9.986,0.001,-0.016,0.005,-0.002,0.000,-0.001,WALKING,2,0.130,0.065,0.026,0.070,0.035,0.014
1769184114.511,0.050,0.020,-0.001,1.018,0.197,-0.014,9.991,0.205,-0.016,9.986,-0.000,-0.016,0.006,0.002,-0.001,-0.001,WALKING,2,0.135,0.068,0.027,0.080,0.040,0.016
1769184114.565,0.054,0.022,-0.001,1.018,0.214,-0.007,9.986,0.207,-0.014,9.986,0.001,-0.014,0.006,0.001,-0.001,-0.002,WALKING,3,0.140,0.070,0.028,0.090,0.045,0.018
1769184114.615,0.050,0.022,0.000,1.018,0.216,0.000,9.988,0.209,-0.011,9.987,0.003,-0.011,0.007,0.002,-0.001,-0.001,WALKING,3,0.145,0.072,0.029,0.100,0.050,0.020
1769184114.661,0.046,0.020,-0.001,1.018,0.195,-0.009,9.988,0.206,-0.011,9.987,0.001,-0.011,0.007,0.000,-0.000,-0.002,WALKING,3,0.150,0.075,0.030,0.110,0.055,0.022
1769184114.712,0.050,0.021,0.000,1.019,0.209,0.002,9.993,0.207,-0.008,9.988,0.001,-0.008,0.008,0.001,-0.000,-0.001,WALKING,4,0.155,0.078,0.031,0.120,0.060,0.024
1769184114.762,0.050,0.021,-0.001,1.020,0.205,-0.014,10.010,0.206,-0.010,9.992,0.001,-0.010,0.012,-0.000,0.001,-0.001,WALKING,4,0.160,0.080,0.032,0.130,0.065,0.026
1769184114.813,0.051,0.021,-0.000,1.019,0.207,-0.005,9.998,0.206,-0.009,9.993,0.001,-0.009,0.013,0.001,0.001,-0.000,WALKING,4,0.165,0.082,0.033,0.140,0.070,0.028
1769184114.865,0.052,0.020,0.000,1.019,0.195,0.000,9.995,0.204,-0.007,9.994,-0.001,-0.007,0.014,0.001,-0.000,-0.001,WALKING,5,0.170,0.085,0.034,0.150,0.075,0.030
1769184114.917,0.052,0.021,-0.000,1.019,0.205,-0.002,9.995,0.204,-0.006,9.994,-0.001,-0.006,0.014,-0.000,-0.000,0.000,RUNNING,5,0.500,0.200,0.100,0.200,0.080,0.040
1769184114.969,0.052,0.022,-0.000,1.019,0.216,-0.002,9.998,0.207,-0.005,9.995,0.001,-0.005,0.015,0.001,-0.000,-0.075,RUNNING,6,0.550,0.220,0.110,0.250,0.100,0.050
1769184115.021,0.052,0.022,-0.000,1.020,0.212,-0.002,10.003,0.208,-0.005,9.996,0.002,-0.005,0.016,0.001,-0.000,-0.000,RUNNING,6,0.600,0.240,0.120,0.300,0.120,0.060
1769184115.073,0.052,0.022,0.000,1.019,0.216,0.000,9.998,0.209,-0.004,9.996,0.004,-0.004,0.016,-0.002,-0.001,0.002,RUNNING,7,0.650,0.260,0.130,0.350,0.140,0.070
1769184115.125,0.052,0.020,-0.000,1.020,0.195,-0.002,10.005,0.207,-0.004,9.998,0.001,-0.004,0.018,-0.000,0.001,0.001,RUNNING,7,0.700,0.280,0.140,0.400,0.160,0.080
1769184115.184,0.059,0.021,0.000,1.018,0.205,0.005,9.988,0.206,-0.002,9.996,0.001,-0.002,0.016,-0.002,0.000,0.001,RUNNING,8,0.750,0.300,0.150,0.450,0.180,0.090
1769184115.230,0.045,0.019,0.000,1.019,0.190,0.002,9.995,0.203,-0.001,9.996,-0.002,-0.001,0.016,0.000,-0.000,0.004,RUNNING,8,0.800,0.320,0.160,0.500,0.200,0.100
1769184115.280,0.050,0.021,-0.001,1.020,0.202,-0.012,10.003,0.203,-0.003,9.997,-0.003,-0.003,0.017,-0.001,0.001,0.003,RUNNING,9,0.850,0.340,0.170,0.550,0.220,0.110
1769184115.329,0.050,0.021,-0.000,1.019,0.209,-0.005,9.993,0.204,-0.003,9.996,-0.001,-0.003,0.016,0.001,0.001,0.002,RUNNING,9,0.900,0.360,0.180,0.600,0.240,0.120
1769184115.380,0.051,0.022,-0.001,1.017,0.216,-0.007,9.976,0.206,-0.004,9.993,0.001,-0.004,0.013,-0.002,-0.000,0.003,RUNNING,10,0.950,0.380,0.190,0.650,0.260,0.130
1769184115.433,0.053,0.022,0.062,1.021,0.219,0.610,10.012,0.209,0.112,9.996,0.003,0.112,0.016,-0.001,-0.001,0.080,WALKING,10,0.200,0.100,0.040,0.700,0.280,0.140
1769184115.484,0.051,0.021,-0.000,1.018,0.205,-0.002,9.991,0.208,0.091,9.995,0.003,0.091,0.015,-0.001,0.001,0.079,WALKING,11,0.210,0.105,0.042,0.720,0.294,0.147
1769184115.534,0.050,0.021,-0.001,1.018,0.207,-0.009,9.988,0.208,0.072,9.994,0.002,0.072,0.014,0.001,-0.002,0.001,WALKING,11,0.220,0.110,0.044,0.740,0.308,0.154
1769184115.580,0.047,0.020,-0.000,1.018,0.193,-0.005,9.988,0.205,0.057,9.993,-0.001,0.057,0.013,-0.000,-0.001,0.001,WALKING,12,0.230,0.115,0.046,0.760,0.322,0.161
1769184115.631,0.051,0.021,-0.000,1.018,0.205,-0.002,9.988,0.205,0.046,9.992,-0.001,0.046,0.012,-0.001,-0.001,0.002,WALKING,12,0.240,0.120,0.048,0.780,0.336,0.168
1769184115.681,0.050,0.021,0.000,1.018,0.207,0.005,9.991,0.205,0.038,9.992,-0.000,0.038,0.012,-0.001,-0.002,-0.000,WALKING,13,0.250,0.125,0.050,0.800,0.350,0.175
1769184115.732,0.051,0.021,0.000,1.019,0.202,0.000,10.000,0.205,0.031,9.993,-0.001,0.031,0.013,-0.001,-0.001,0.001,WALKING,13,0.260,0.130,0.052,0.820,0.364,0.182
1769184115.785,0.053,0.021,-0.000,1.020,0.202,-0.002,10.007,0.204,0.025,9.996,-0.001,0.025,0.016,-0.002,0.001,0.077,WALKING,14,0.270,0.135,0.054,0.840,0.378,0.189
1769184115.835,0.050,0.021,-0.000,1.018,0.207,-0.005,9.986,0.205,0.019,9.994,-0.001,0.019,0.014,-0.003,0.002,-0.002,WALKING,14,0.280,0.140,0.056,0.860,0.392,0.196
1769184115.882,0.047,0.020,-0.001,1.019,0.200,-0.007,9.995,0.204,0.014,9.994,-0.002,0.014,0.014,0.002,0.002,-0.002,WALKING,15,0.290,0.145,0.058,0.880,0.406,0.203
1769184115.932,0.050,0.020,0.000,1.018,0.193,0.000,9.991,0.202,0.011,9.994,-0.004,0.011,0.013,-0.001,0.001,-0.000,WALKING,15,0.300,0.150,0.060,0.900,0.420,0.210
1769184115.982,0.050,0.022,-0.001,1.019,0.212,-0.009,10.000,0.204,0.007,9.995,-0.002,0.007,0.015,-0.000,0.002,-0.000,WALKING,16,0.310,0.155,0.062,0.920,0.434,0.217
1769184116.032,0.051,0.021,-0.000,1.019,0.205,-0.002,9.993,0.204,0.006,9.994,-0.002,0.006,0.014,0.002,0.000,-0.001,WALKING,16,0.320,0.160,0.064,0.940,0.448,0.224
1769184116.086,0.054,0.020,-0.000,1.020,0.195,-0.002,10.010,0.202,0.004,9.997,-0.003,0.004,0.017,-0.000,0.000,0.001,WALKING,17,0.330,0.165,0.066,0.960,0.462,0.231
1769184116.136,0.050,0.021,-0.000,1.019,0.205,-0.004,9.993,0.203,0.002,9.997,-0.003,0.002,0.016,0.002,-0.002,0.000,WALKING,17,0.340,0.170,0.068,0.980,0.476,0.238
1769184116.183,0.047,0.021,-0.001,1.019,0.202,-0.009,9.998,0.202,0.000,9.997,-0.003,0.000,0.017,0.001,-0.001,-0.001,STATIONARY,17,0.000,0.000,0.000,0.980,0.476,0.238
1769184116.233,0.049,0.020,-0.001,1.019,0.197,-0.014,10.000,0.202,-0.003,9.997,-0.004,-0.003,0.017,-0.002,-0.000,-0.002,STATIONARY,17,0.000,0.000,0.000,0.980,0.476,0.238
1769184116.287,0.054,0.020,-0.001,1.018,0.200,-0.009,9.988,0.201,-0.004,9.996,-0.004,-0.004,0.016,-0.000,0.001,-0.001,STATIONARY,17,0.000,0.000,0.000,0.980,0.476,0.238